0.979999
0.984
0.975999
0.975999
0.98
0.975999
0.975999
0.979999
0.984
0.979999
0.98
0.975999
0.975999
0.975999
0.979999
0.98
0.975999
0.975999
0.98
0.979999
0.975999
0.995999
1.004
0.975999
0.975999
0.975999
0.995999
0.975999
0.975999
0.975999
0.975999
0.975999
0.984
0.98
0.975999
1
0.979999
0.98
0.975999
0.979999
0.975999
0.98
0.975999
0.98
0.975999
0.975999
0.979999
0.979999
0.979999
0.984
0.975999
0.984
0.98
0.98
0.98
0.975999
0.984
0.975999
0.979999
0.975999
0.984
0.999999
0.98
0.98
0.975999
0.984
0.979999
0.984
0.984
0.979999
0.984
0.975999
0.984
0.975999
0.98
1.004
0.975999
0.98
0.975999
0.975999
0.975999
0.975999
0.975999
0.98
0.98
0.975999
0.975999
0.975999
0.975999
0.984
0.975999
0.98
0.975999
0.975999
0.975999
0.975999
0.975999
0.98
0.979999
0.975999
1
0.98
0.975999
0.979999
0.979999
0.975999
0.999999
0.975999
0.975999
0.98
0.98
0.98
0.996
0.98
0.975999
0.975999
0.984
0.979999
0.98
0.975999
0.984
0.975999
0.979999
0.98
0.979999
0.975999
0.979999
